==== LAST 15 EPOCHS ====
 epoch  train_map   val_map  val_loss       lr
    35  88.655136 23.535292 24.690197 0.000013
    36  90.358315 23.704973 24.754831 0.000013
    37  89.173615 23.602863 24.898626 0.000013
    38  88.291023 23.697868 25.454372 0.000013
    39  89.815216 23.519093 25.680784 0.000013
    40  91.597923 23.454861 25.925135 0.000013
    41  88.797104 23.253044 26.779009 0.000013
    42  91.370461 23.325848 26.925423 0.000013
    43  91.880333 23.237789 26.894350 0.000013
    44  90.604149 23.235674 27.148117 0.000006
    45  91.793503 23.199026 27.283163 0.000006
    46  92.943024 23.316891 27.402000 0.000006
    47  92.372238 23.233809 27.790068 0.000006
    48  89.992714 23.152592 27.850777 0.000006
    49  92.263176 23.131214 28.325195 0.000006

==== SUMMARY ====
best_epoch: 18
best_val_map: 26.890729904174805
best_val_loss: 14.357943534851074
final_epoch: 49
final_val_map: 23.131214141845703
